%YAML:1.0
image_width: 1280
image_height: 720
# distortion_parameters:
k1: 0.080375
k2: -0.170965
p1: 0.008027
p2: -0.000525
k3: 0
# projection_parameters:
fx: 1001.737732
fy: 971.850098
cx: 624.110875
cy: 353.688116
