%YAML:1.0
image_width: 1280
image_height: 720
# distortion_parameters:
k1: 0.144891
k2: -0.194169
p1: -0.015173
p2: 0.001167
k3: 0
# projection_parameters:
fx: 1001.106323
fy: 960.511719
cx: 628.424305
cy: 296.348744
